44
7
86
47
25
66
45
74
88
76
22
31
57
100
93
85
73
11
51
81
44
87
8
66
78
35
27
93
86
12
56
98
40
80
63
56
69
35
72
3
92
13
34
30
45
51
5
80
49
60
82
19
56
47
13
58
99
50
46
40
28
75
79
19
16
12
38
97
51
48
30
86
92
8
66
9
36
53
58
100
20
45
59
94
77
4
83
6
48
78
14
89
10
68
8
29
97
77
62
7
62
7
6
61
82
5
71
69
20
17
93
98
28
27
14
58
35
54
33
7
0
52
0
35
6
10
14
88
79
70
16
0
22
55
40
58
80
69
7
94
2
14
8
45
59
56
48
82
84
11
55
73
60
72
46
78
57
67
20
35
85
59
89
69
94
74
50
98
42
16
69
64
11
71
6
83
1
8
78
50
71
44
74
27
30
18
9
2
66
6
94
42
58
71
81
38
21
30
37
54
26
18
53
50
19
4
62
33
52
61
80
100
75
34
46
85
53
68
48
39
68
92
48
56
35
31
18
18
70
93
24
40
18
15
51
29
8
65
54
17
5
17
26
78
15
34
55
75
100
42
64
43
66
24
96
78
66
2
99
2
67
96
12
72
76
31
15
13
55
19
6
5
44
94
8
12
84
43
34
43
79
47
29
63
8
31
77
20
6
49
2
98
78
40
64
96
1
38
44
8
53
100
19
63
22
57
26
30
99
27
61
32
57
24
81
50
3
35
96
65
22
64
78
66
50
11
8
30
67
53
4
11
89
92
26
67
64
69
33
92
85
63
89
12
63
88
22
44
70
5
8
76
48
24
19
38
16
63
42
31
99
45
87
36
21
67
62
56
88
80
81
99
90
93
93
17
37
72
97
32
96
49
55
2
69
74
21
67
9
22
85
9
49
51
46
20
57
16
91
9
4
1
77
66
35
1
39
97
97
31
95
66
98
92
33
12
68
99
32
47
70
58
23
39
96
62
91
86
85
20
86
30
19
76
88
88
24
13
36
16
57
56
14
97
55
29
17
42
70
37
39
89
55
1
52
49
24
86
86
12
41
61
61
94
67
58
84
34
43
0
93
99
51
1
42
84
80
34
62
78
74
74
24
13
52
72
38
6
78
84
96
43
41
68
92
93
81
83
24
22
48
14
37
49
15
35
87
17
55
35
44
59
16
74
89
69
54
14
66
11
47
44
57
24
69
13
89
24
35
94
90
34
56
26
44
16
80
25
80
83
55
15
52
9
25
98
8
77
4
37
58
98
39
71
46
44
32
95
25
62
57
49
52
84
50
100
18
17
8
25
47
35
53
56
56
55
41
97
66
58
10
77
34
62
13
99
43
18
81
71
15
48
100
53
99
69
16
65
51
86
22
27
90
14
52
89
19
38
59
11
73
21
19
85
13
72
60
67
98
27
86
66
83
29
98
1
48
97
67
23
36
52
39
38
2
80
73
3
94
20
2
57
35
8
0
40
93
43
83
52
19
40
50
76
16
80
78
57
99
96
66
94
62
22
22
69
26
76
54
63
51
76
88
83
82
24
87
94
56
16
28
81
74
54
84
42
7
43
84
61
98
43
31
49
54
80
53
39
87
18
17
31
71
82
54
42
33
24
97
62
40
12
13
50
100
60
33
13
14
84
94
19
67
34
81
66
2
54
43
99
15
20
47
51
100
94
48
9
0
31
36
60
95
46
65
18
28
15
88
60
9
93
83
86
38
7
86
100
5
84
100
29
37
94
95
4
53
48
43
3
15
97
91
10
58
63
100
42
68
13
36
73
47
79
12
18
25
6
65
28
90
76
8
100
38
29
68
7
76
62
78
65
44
27
67
94
34
23
37
80
48
31
27
26
85
5
98
73
6
4
57
70
24
58
87
60
62
56
45
4
60
77
99
67
80
32
72
48
22
11
62
74
0
28
87
57
25
77
70
61
27
61
99
24
2
65
66
97
87
37
40
56
31
13
16
84
92
24
36
36
3
68
22
43
30
74
4
97
48
12
43
87
97
39
48
25
23
83
48
28
68
52
93
89
94
66
8
17
91
79
24
24
18
36
64
71
54
10
82
95
19
33
89
7
40
27
14
23
76
89
76
87
29
81
72
14
32
33
96
96
13
50
48
40
6
68
79
48
7
54
68
70
33
1
5
10
21
17
64
99
77
26
23
8
78
71
47
38
91
40
97
55
93
72
58
73
29
45
20
77
70
61
40
34
98
3
96
84
10
59
32
49
92
34
27
56
45
79
2
72
25
74
61
90
3
88
17
8
29
33
